6.395931729517888575e-01
4.774867074954666224e-01
2.800604786956452097e-01
2.975091900009789736e-01
4.362230623548678521e-01
3.629999511864179240e-02
9.821831718843988535e-01
2.963065157078288436e-01
8.721744210193365099e-01
7.729785017102479561e-01
1.606412155332795910e-01
5.660882401201794423e-01
4.966683336245726332e-01
5.972393032701743820e-01
2.369122756740538183e-02
5.810311560914018791e-01
2.335365703399978621e-01
4.858872803724505474e-01
7.978049751305024140e-01
7.510763102123818591e-01
3.397409404048334913e-02
2.556281758706621110e-01
9.688936860838608389e-01
4.695025808863244610e-01
3.401175574265911106e-01
7.258387549085689727e-01
9.942005395429917014e-01
7.601833137917720640e-01
4.492086535012003168e-01
6.495270626346567600e-01
8.264904249242952528e-01
9.882239880178208535e-01
7.227632183104917285e-01
6.323368218739470192e-01
7.201215475586084658e-01
3.408781762265267190e-01
8.666314074438891124e-01
4.655935899606193917e-01
6.662897220783111640e-01
2.739413740401784869e-01
9.698701032156594737e-01
8.267961771006393512e-01
5.528554144743145216e-01
5.360390184620845710e-01
8.645265471731987672e-01
9.223075997594565312e-01
2.204363309884003197e-01
5.906452236739795358e-01
6.098547227146680072e-01
1.831766956721543327e-01
5.660747780928384598e-01
3.243874179242421940e-01
7.251742838451219475e-01
6.854007930361616374e-02
3.674458127404895968e-01
9.170479658609151929e-01
7.418376890860470807e-01
3.884092166549909519e-01
8.562183947517825189e-01
8.391548618890375399e-01
5.424961427595289543e-01
2.447221960451555489e-01
7.929593366800937737e-01
6.186550819746758911e-01
2.621875178499993853e-01
2.086974614321720489e-01
4.904562399136442874e-01
7.844943007067396445e-01
1.933970682809057484e-01
4.468983947472000562e-01
4.831918003494892755e-01
1.422971625567983622e-01
6.243122370096676477e-02
8.251728340546076179e-01
6.237297724017386580e-01
5.327860573404374911e-01
9.784945062971353025e-01
3.850770086903870792e-01
6.242555186723959260e-01
6.118002972492511127e-01
1.801817046378150211e-01
6.173375818286828132e-01
5.469980753263935513e-01
6.494566643755521618e-01
2.309055532625314822e-01
3.044760638200982861e-02
8.591870888576381704e-01
8.787847544419473689e-01
3.431482241112900899e-01
8.233822125848671014e-01
5.411810794549047898e-01
6.242667233186253162e-01
4.855495729629889512e-01
5.454624223471884470e-01
9.626266284550226704e-01
6.747058895893646158e-01
3.006365097215126791e-01
6.808688253590117201e-01
2.413897823024457878e-01
6.041300962611264591e-01
1.885103438821666977e-02
2.757314255251557267e-01
7.061108794136646827e-01
1.755469267834268710e-01
7.274785722995646964e-01
4.756426775853328515e-01
9.083378801666568414e-01
2.302069750049277053e-01
1.765717188411340954e-01
1.239820956143175001e-01
8.966882612107549555e-01
6.449786518367243149e-01
6.298579955327172630e-01
9.513352437567808018e-01
5.912032189172593544e-01
4.302839316862859809e-01
9.357340084703817951e-01
3.145017347885192827e-01
6.363810102828389992e-01
8.443124187873493058e-01
5.987029831670491742e-01
3.649156379321210064e-01
1.380172756837527714e-02
6.257012567584753215e-01
5.306551552516928227e-01
1.737312364908101259e-01
7.294542219849138309e-01
7.244301377198074654e-01
9.743617310460995773e-01
2.059817498162527238e-01
2.707611032988856969e-01
9.781508236707947557e-01
3.587295319719274733e-02
4.785897038599690179e-01
8.519977579857562766e-01
3.735048739263382434e-01
4.816474694784511623e-01
7.855136760812673202e-01
8.272552996364841427e-01
6.093362492599230240e-01
3.943258063130157254e-01
8.146875431549873703e-01
3.698691643418708930e-01
2.498693256923856243e-02
7.480698469747277812e-01
2.710344378397533394e-02
5.264739436517598126e-01
3.368447855068767982e-02
6.426165665351593059e-01
8.956074202679916718e-01
3.481612926639842120e-01
1.397485020771822573e-01
3.824023389629083169e-01
8.214254628926086488e-01
4.200837385859421680e-01
6.393581741415483854e-01
2.417999664297535434e-01
8.540790235814130771e-01
3.867404744217681767e-01
8.342286569851228295e-01
3.793826661673681544e-01
2.449331235927983963e-01
4.963685919613385344e-01
3.110215023618297936e-01
5.521320396317334067e-01
1.465883968528448600e-01
9.590078133126220816e-01
7.725721616239564771e-01
1.521455231787255391e-01
8.011305556197456657e-01
7.900840140729583627e-01
4.259698140947522083e-01
1.213596048469487432e-01
9.167165952687983399e-01
4.452149355302632561e-01
5.074021487356515925e-01
4.489974148203229598e-01
7.505248738150466226e-01
4.704628667427738220e-01
2.964532873843472860e-01
7.454758702160569905e-01
7.777338087400453848e-01
3.587463106517864153e-01
1.289883802748869046e-01
2.285465603877742113e-01
7.429790951038661717e-02
1.719278522031654211e-01
6.321734401178473739e-01
8.164154249320435541e-01
2.226155820516081407e-01
1.909018094124756981e-01
4.849340132896737821e-01
3.678732453456378115e-01
9.988588407661663782e-01
2.550136754513558923e-01
9.857613105010202270e-01
4.430286657935967876e-01
5.684981679930992682e-01
1.194067820149669057e-01
5.476980215943342278e-01
1.974998122080577900e-01
7.661958914492690287e-01
2.538332672058163375e-02
2.584271693901912803e-01
7.340009413256457504e-01
1.457515746506765630e-02
3.331568262537522029e-01
3.882222715570320393e-01
6.600801945403647064e-01
7.884337979212856506e-01
8.736951319952722672e-01
7.982206579743211794e-02
1.968252482406642745e-01
8.623068947240445370e-01
8.080514498511841559e-01
2.496347424516442981e-02
3.843226899022395004e-01
7.373793756767066387e-01
6.172281866049234011e-04
1.995215064663011795e-01
3.530947262198613767e-01
6.160600489364498333e-01
3.362932065004829996e-01
8.142977479500889126e-01
7.725838250027092791e-01
9.302338408887527166e-01
2.875807328376038807e-01
8.417720652417769456e-01
3.435178525899625912e-01
6.645764867880084026e-01
8.699557474295833703e-01
2.343562955579692186e-02
3.553581909982339582e-02
5.408358682169377429e-01
5.592659007811805472e-01
3.856269017678913835e-01
6.522709073017661785e-01
7.090070131285393096e-01
6.175832588808254364e-01
7.968456935623058346e-02
7.621621167473714431e-01
8.148569523805911929e-01
9.288348249081634922e-01
6.396644755185495468e-01
6.268177200712155006e-03
6.835009614568744452e-01
4.912826129161407263e-01
4.804384002299311174e-01
3.295430482403853834e-01
5.216167018214471485e-01
5.417923164004599945e-01
9.081208590160099181e-01
6.513049053109417619e-01
7.085710453700111433e-02
2.009473609623856349e-01
2.158074891316363875e-03
6.137119096637781990e-01
6.393788897656085268e-01
6.073158410913829242e-01
4.467688988004414608e-02
7.585163806107024786e-01
7.229312071688315244e-01
7.039627896033295862e-02
9.009835095927040127e-01
6.784326935374795919e-01
1.988734442681178161e-01
7.752283866599030127e-01
7.538761034559039453e-01
8.268451856921870124e-01
8.158248127970527674e-01
2.281102518388846701e-01
3.786074355170105932e-01
4.796128261616395827e-01
5.601873549011177067e-01
1.018806062846154825e-01
1.349813880432891855e-01
8.355037778664307080e-01
7.227746698746647658e-01
5.310598219821325294e-01
4.817800273110869336e-01
5.239834306139921072e-01
9.699099577196379496e-02
3.627338324400093406e-01
3.582947999514296544e-02
3.598608211464583428e-01
3.320647220573890168e-01
1.110801627538756664e-01
9.089234677107742577e-01
5.451989395941790884e-01
1.671381238207766406e-01
9.295467020789016654e-01
9.676159622968130147e-01
9.912801019873715980e-01
3.452945543410365081e-01
8.707127528200584443e-01
8.383863970417275713e-01
3.553428164603155137e-01
4.497282428112198138e-01
1.216201247433024157e-02
4.793566223312699659e-01
5.965002287721328234e-01
6.137615415018021769e-01
3.513247719105695444e-01
1.887558500174002507e-01
8.483187769430211578e-01
4.437737996241403193e-01
2.228327079320358006e-02
8.597252427196675484e-01
1.662733361435545509e-01
5.162651751727898031e-02
4.871776613628376884e-01
7.063492921957573722e-01
9.526227341845172614e-02
7.733781506825421204e-01
5.681219881759377310e-01
2.527970033255976245e-01
2.403706219349960316e-01
1.128226873202567981e-01
4.290037991917924343e-01
2.567391403830373564e-01
8.008239798948832977e-01
4.782328836992060239e-01
2.402353620606006990e-01
7.920894917040441907e-01
7.375139875086723640e-01
2.283119310276503500e-01
3.831058802555920018e-02
7.774774597684586119e-01
7.471686600350703200e-01
3.132416889629464629e-01
7.392365322318901200e-01
6.738402676569636984e-01
6.507452186546531792e-01
8.228978177511857561e-01
1.394048173172017790e-01
9.825585984170152054e-01
6.161961001589248976e-01
5.026905101009363497e-01
9.894454193300262768e-01
1.702977171618527130e-01
6.372276385279768141e-01
1.691491179767824482e-01
4.041861156613666406e-01
2.868077529331612974e-01
1.884052999308861720e-01
5.151473244192475986e-01
2.782991621061506882e-01
2.394387324062284828e-01
6.900550710213225747e-01
4.867061709567174210e-01
4.055311303111592824e-01
6.763026794336529646e-01
6.823437254790761797e-01
2.984680817348793758e-01
7.901366363979611673e-01
7.849765234229820754e-01
3.872734713288661368e-01
9.488797766143672874e-01
1.398071730470235030e-01
6.002992473925236050e-01
2.008388728290845249e-01
7.723055855731438823e-01
4.432093040058593392e-01
1.403572681757414564e-01
8.474973501207493376e-01
1.569675871405318279e-02
5.440798557494601617e-01
6.719785336182646507e-01
3.330184736927020994e-01
5.596438376907896251e-01
7.059193250236596162e-01
7.927520274761922225e-01
2.307077578682928953e-01
9.049065138354536186e-01
5.068814423097425248e-01
5.205571850017332025e-01
1.151175866606896081e-01
5.976554321069014186e-01
2.906852416749824419e-01
7.506843493219857999e-01
7.308689492041664515e-01
7.553534167143217681e-01
6.023752607464754050e-01
4.923009289750277517e-01
4.419068217481023630e-01
1.322981326987174855e-01
2.368395732436587853e-01
4.798825119783226567e-01
6.269724637664568778e-01
3.537716962987791369e-01
6.305631454235968159e-01
4.576165136740600881e-01
1.287414583410920743e-01
9.812401018702008315e-01
3.997547895038987553e-01
1.770355310174558383e-01
9.261822499502232464e-01
8.963831747871960909e-01
1.253722100705156883e-01
7.044370273526985304e-01
7.364316474082496233e-01
9.884527706959481685e-01
5.236721103917877373e-01
5.117781558508652795e-01
4.345317025648777198e-01
1.438883491731660635e-01
3.644981621405751770e-01
8.470539995108414821e-01
5.013373708395435502e-01
2.993676042785911040e-01
8.387621876709583368e-02
4.194624369937178798e-01
7.456086184584928001e-01
8.535138668883246460e-01
5.747733051995667086e-01
5.675225549473785769e-01
4.909060711085523332e-01
5.203426736161778088e-01
3.151290176005179244e-01
2.382483486785869076e-01
2.265766668493369718e-01
2.016127680408299483e-01
4.016000194578028815e-01
4.849917473021647663e-02
5.827431961914597558e-01
7.404041363105151596e-02
2.769898881175054672e-01
2.268419981960401177e-01
8.662366324814796403e-01
2.343299284952995443e-01
2.390598256882600081e-01
5.103626292844619661e-01
2.401564382199729009e-01
5.608000185568112750e-01
6.734326718495785569e-01
9.923856341925193503e-01
1.653480346998910111e-01
1.590404790202935015e-01
1.085531505613210879e-01
4.776576248525460366e-01
6.172745347832789831e-01
1.434710631101965284e-02
3.642860204910713939e-01
4.790358012973284785e-01
8.668948301844159321e-02
1.171922228781188124e-01
3.145541191306679973e-01
2.752562385343527707e-01
7.425886879894217918e-01
3.015591930945893395e-02
9.204436410886154274e-01
1.749049138664734437e-01
8.606106383700936613e-01
9.706862603255211885e-01
1.638356950464391337e-01
2.010804411366251543e-02
2.215605793053480044e-01
2.932505256830958418e-01
8.298220373260237759e-01
6.553823898982498175e-01
5.735449312641935915e-01
4.690389603600222390e-01
1.705049588797631355e-01
4.999876928585982316e-01
1.009930726236811793e-01
4.293309173699638714e-01
4.642454540439500121e-01
9.798916683094706093e-01
6.051922904279102289e-01
9.734490328746377985e-01
8.338842157641576103e-01
8.468598584194565460e-01
9.863157968874440851e-01
8.639589812682957337e-01
3.782367656637817266e-01
1.283728850598970794e-01
8.996758182359344547e-01
7.734312938548691951e-01
8.568011923489885495e-01
8.819759979691922380e-01
3.201186230173592717e-01
7.905752661816922711e-02
5.574339237394281277e-01
4.372518786626367060e-01
1.202878033315175621e-01
4.564736098298838307e-02
9.144027372199371451e-01
7.836105799268417993e-01
2.522380969623331248e-01
1.269127675540322464e-01
1.635094231504384821e-01
9.556626716185161463e-01
3.647682448137582467e-01
8.660196370122485998e-01
1.242924405272882726e-01
1.258652281807453033e-01
2.077583007845942298e-01
8.633265643067140616e-01
5.998952329041816744e-01
8.832874222108190176e-01
5.430646251657608170e-01
4.642829520345668204e-01
5.546520883993110163e-01
3.276880794311950451e-01
9.605069763332206856e-01
2.483277937696498627e-01
4.922442681723492308e-01
2.284752288081774996e-01
1.869329102210653959e-01
3.862981842151513856e-02
5.209799860661168402e-02
4.631217837701535611e-01
7.211835058756126404e-01
1.907221150129160270e-01
6.403454816387942339e-01
3.125686609593272269e-01
1.448167020559756324e-01
1.722767011198004239e-01
8.539570666253138986e-01
7.661560864321724784e-01
4.470638279337489918e-01
2.855545074710384990e-01
7.118654353254140199e-01
4.870916923905324047e-01
1.309722638996484445e-01
1.601355355617783971e-03
8.737572578890776542e-01
1.978827559773399525e-01
4.747006684771363227e-01
6.783259190774112435e-01
2.076012087144022411e-01
6.244000433177322451e-01
6.992419997938634779e-01
9.506257316725279516e-01
6.625820940850724039e-02
4.355935864374068656e-01
9.197079038086820590e-01
2.941035487353688138e-01
2.491074084708728709e-01
5.884696869562873189e-01
4.946270383514570490e-01
1.835967349208583732e-01
2.032507212389604856e-01
6.888449686242319459e-01
9.210573321668233948e-01
5.095769150233088185e-01
6.022984542928544460e-02
9.250923571229618947e-01
4.661093517398958719e-01
3.740098236273601273e-01
5.373486823131201628e-02
1.300100042866142447e-01
4.474999904259154837e-01
8.936959445395122881e-01
1.528140283801497912e-01
5.597165887731838652e-01
7.827215014871675702e-01
1.838114184009376206e-02
5.388894685465202006e-01
7.046873186274860146e-02
7.880332010641351026e-01
4.523800484149701484e-01
4.628665101633351320e-01
6.831871869904158068e-01
5.735013689448287266e-01
1.273078403108629519e-02
9.144511663274652591e-01
5.657526401857193576e-01
9.377818549379577373e-01
6.879001886507635222e-01
8.842135325985144290e-01
4.851319504185840348e-01
5.405375401532475088e-01
9.599464051499473349e-02
5.091679368779342685e-01
4.175516258768622313e-01
2.775021994661023284e-01
3.649864371979886224e-01
6.473800613694844497e-01
2.823203309317744436e-01
9.820860527811462459e-01
4.373452272270619279e-01
1.466877252570261136e-01
6.881738908121127762e-01
6.285559394156482460e-01
3.274667657632557294e-02
9.415322695900841810e-01
1.111616711549044956e-01
8.704838228310808335e-01
6.793877168338223749e-01
7.293927616228478295e-01
4.345969521145800485e-01
8.161113303081879433e-02
2.983487301180590689e-01
1.411423704520926581e-01
6.628644156504458484e-01
2.609164351882030664e-01
9.372246160706700913e-01
7.565821694982926005e-01
5.747612513885678176e-01
9.038815586994042306e-03
6.905108393413613710e-01
1.105780151182966797e-01
3.722281354028892375e-01
6.965123617225387198e-01
7.064022368359138548e-01
2.357418633796111163e-01
8.265839171743158964e-01
6.026781887037800933e-01
4.074614636508899768e-01
3.490119048063938800e-01
9.238134876295511777e-01
6.169129985905640323e-01
7.305062784891299676e-01
2.185686068426743178e-01
2.933631293472227508e-02
3.788672977580885837e-01
6.889987048393697577e-02
3.498694247792395462e-01
6.558098988039482435e-01
8.006398926791036263e-01
7.266071703872387655e-01
8.841786247017657807e-01
7.927082301422061494e-01
2.093996312176960028e-02
1.507359280601314744e-01
3.403716309338586932e-01
4.570302347702934753e-01
8.849579033474435086e-01
5.972836736295833449e-01
9.172951637700366145e-02
7.967988609099526665e-01
8.856535510947572964e-01
4.505886272761119304e-01
6.258103205848775108e-01
1.745486308352800497e-01
3.419684600870738223e-01
7.656043345986373039e-01
3.720714911039749717e-01
6.266134632161768359e-02
2.344522220794372780e-01
8.892330699197126265e-02
3.887000340911311858e-01
3.197904804700896220e-01
6.444644458112152030e-01
6.446621386020279232e-01
7.012862736391071161e-01
7.235291494949258606e-01
3.422604447521173654e-01
1.105769916982806134e-01
6.897006407032549857e-01
9.191987767832154876e-02
9.121445491004965822e-01
2.470456447255504617e-01
7.607484281779819391e-01
5.892263460402001884e-01
8.056825953456188127e-01
5.835746391402921729e-01
8.035480944243680312e-01
4.996472383372674297e-01
1.092958689906708969e-02
3.405446144625526861e-01
2.762184855016781571e-01
3.138178678808919431e-01
5.682365761926874148e-01
3.126013927853545926e-01
3.917640667841262303e-01
7.654370336276417053e-02
5.927517640981585512e-01
3.092838536720378118e-01
1.801813845145134874e-01
4.008361684292301996e-01
3.530754188865472543e-01
7.555672152905527073e-01
6.233401233264949104e-01
6.431574562244639637e-01
1.057354850349223607e-01
4.636226037541251177e-01
8.582320675215320271e-01
5.012872660360900845e-02
4.825480281671075122e-01
3.310352184424718569e-01
7.196806717810593224e-01
5.270050429282745474e-01
8.808427004472367816e-01
7.010713228407911002e-01
4.921951465963052552e-01
7.998394360909044654e-01
4.995040683866992515e-01
6.222167312879350876e-01
7.046081469388167928e-01
1.920622318468215850e-01
4.150361961727406790e-01
1.896829714216469176e-01
6.877014717822141909e-01
8.506073826485918143e-01
1.981101251882143588e-01
3.275315401344139898e-01
2.519549381143898481e-01
7.733939226705540682e-01
7.313777598694910509e-01
1.605568954044884755e-01
5.133571274951662655e-01
7.975966964486260746e-01
7.317732496616108362e-01
6.474640059643349543e-01
3.941443793248927685e-01
6.793812463618713604e-01
5.377614496973365243e-01
5.352293952184102865e-01
3.578401610906388752e-01
5.610350009488250800e-01
3.944198568821907225e-01
7.441180869790392505e-01
2.797849762798152451e-01
3.271875794696826878e-01
3.688334717811927455e-01
5.820445759752400638e-01
6.385082858025927788e-01
6.778199215466204075e-01
2.346145244962712928e-01
6.731978715193083218e-01
6.222317345929062604e-02
9.315403094246189619e-01
2.262517635273536554e-01
8.813934936131403441e-01
8.648706792595115544e-01
6.864975369401140615e-01
9.012051179072918528e-01
5.291736627223455613e-01
3.242794494027260166e-01
3.988931830223888531e-01
6.608465414375217506e-01
5.770748237304423878e-01
2.684735955544903518e-01
1.463067391859215194e-01
1.197762938858868420e-01
7.673155068214747576e-01
1.561756989824132358e-01
7.116907390398892197e-01
3.868233336252616672e-01
4.434531921634486951e-01
9.241482028410277216e-01
2.477393204033966345e-01
9.927437885000032214e-01
7.563326100526605034e-01
1.586332823773295431e-01
8.625812868172866299e-01
2.856425839902314578e-01
2.865540920846613160e-01
7.857782283948298030e-01
7.271701941904005206e-01
3.467663498919704157e-01
8.617480286296699266e-01
8.200750044984583820e-01
7.506126864265926235e-01
6.768121006206271328e-01
7.768376975024327002e-02
1.600696357066707654e-01
6.717056129182222834e-01
3.292544446855911744e-01
9.757333440040852901e-01
7.129378478667298680e-01
4.307656527972433258e-01
8.624744058811227854e-01
1.644822452480533270e-01
6.218363531196393623e-01
3.397325406656659386e-02
3.668082386760415092e-01
9.013392339438673906e-01
7.120351860900107077e-01
9.479500901850763661e-01
1.441366643493022792e-01
4.319580406141843021e-01
3.189952636977523293e-01
4.846137493927540341e-01
5.579712303782069505e-01
7.817927492232004116e-01
6.638157117556329201e-01
7.778766285888244481e-01
5.508197368205069999e-01
7.964170772668457410e-01
9.941763129232937812e-01
3.376903688805333870e-01
8.667478886164918794e-01
5.539818271396822480e-01
4.465781804119837162e-01
3.587194724757738484e-01
3.455899370256900749e-01
8.837445325631163584e-01
4.723472016407630480e-01
2.340371129461065181e-01
3.222503449590896629e-01
4.369891406979061754e-01
8.943604852109972025e-01
6.990113146195395810e-01
4.216392394413197575e-01
4.682089597980776396e-02
2.105452449812239557e-01
8.905835759391658168e-01
4.829700067669262520e-01
9.981837956306185422e-01
9.270387320157233990e-01
5.225651550223165964e-01
1.205712063527538680e-01
5.781496152536080846e-02
5.732853795033426847e-01
6.966456256192851137e-01
5.601843113734629176e-01
2.594833071802745694e-01
8.702190401709838374e-01
6.017367632542199862e-01
3.657609902348065711e-01
6.214059957924733535e-02
2.959478131571188220e-01
3.435853623175179061e-01
4.481999280831150401e-03
3.219604818223013032e-01
1.500078589189707268e-01
6.953393358013179038e-01
8.023011817162997161e-01
9.018652660254328213e-01
4.317347895567564819e-01
6.086479646999858328e-01
3.742631999588564851e-01
9.947134355745043122e-01
1.281354434786672325e-01
5.928736361654480813e-01
5.329028914139550821e-01
4.203152863316012011e-01
1.500965812381221953e-01
2.904174019872542978e-01
3.305152716356219988e-01
1.364275659133518115e-01
9.875716819849817973e-01
3.515117683881215926e-01
6.553463833706920649e-01
4.690285563767708776e-01
3.441376707517451727e-01
4.083361713394302317e-01
5.307340887815923391e-01
5.203467040660965104e-01
7.199689321885947013e-01
7.963388178225491165e-01
2.694156508381595483e-01
3.293497408170444896e-01
8.764101064050159318e-01
6.622171331014387041e-01
9.315190731266864699e-01
4.398209076922429128e-01
8.663796787247119990e-01
2.437537359055954589e-01
4.766366112181403825e-01
2.654117690475261693e-01
3.629790732948030563e-01
6.166246673718998039e-01
6.478864826573345059e-01
4.789493603342853678e-02
1.489701980696078731e-01
9.222098255709281212e-01
8.670863536128149418e-01
8.325367184846699242e-01
2.259097644716763220e-01
8.925113730893461383e-01
7.694340515475583953e-01
3.329373576014685865e-01
6.512746785514834658e-01
1.891022826572241744e-02
3.478124125156719648e-01
7.733519248221163433e-01
9.780068519489858447e-01
8.679996492412519471e-01
2.770403650793810124e-01
8.876539210546053882e-01
1.917217818328417200e-01
4.238474465809947134e-01
8.831875069460600747e-01
5.521648342319573910e-02
3.598617328597311094e-01
2.243731910768133053e-01
6.514296415546505514e-01
3.776421627129934455e-01
8.682550552904845231e-01
8.377474565562536002e-01
7.780557556658980189e-01
6.716384396880935581e-01
3.865890438282196806e-01
7.571433521077591822e-01
5.937612705621101439e-01
3.498194636774287769e-01
5.738095605473851890e-01
7.553751044565604200e-02
1.660861462657801102e-01
5.151065496998866733e-01
9.176020243147819944e-01
8.173558344397461317e-01
9.994943784688613553e-01
6.468468046157496154e-01
5.796689447932386052e-01
6.887678024743608685e-01
9.080120417518571241e-01
7.161467623778162706e-01
4.115639453837631745e-01
9.368706250974682126e-01
6.784661039459429777e-01
2.943313524808292003e-01
4.759272882325982224e-02
5.606677268021614813e-01
7.738577556995640538e-01
4.890683034425979958e-02
2.579035165561409659e-01
4.913518303252744079e-01
6.872022719429164983e-01
5.015036870404114833e-01
6.220250861322522695e-01
4.934989785693871811e-01
9.916702813041788911e-01
2.063955900432505874e-01
7.133399473441404126e-02
3.842844322443191851e-01
8.561650349486091827e-01
1.367027881456319705e-01
5.674127009481111372e-03
2.686427515958200729e-01
1.101879843025087569e-01
3.954253772082252372e-01
6.655366421045417757e-01
2.697670171847756926e-01
4.824168388774390248e-01
9.761455843598071391e-01
3.900312706139933416e-01
9.387313770807889091e-01
2.624613944016769285e-01
4.529032691729080184e-01
3.454583040556830076e-01
1.113879281648411101e-01
1.068003960566601407e-01
6.958847150037322793e-01
1.369916935711895656e-01
1.902994617828801527e-01
5.930415517227254352e-01
3.699928589025591741e-02
7.934978221123637487e-01
5.104967437774018402e-01
7.166296642906925252e-01
6.980263219298186161e-01
8.978682551884817897e-01
9.409605573959993752e-01
6.512387219597148835e-02
4.963331741520352614e-01
9.992912338691405383e-01
3.944495503451792562e-01
3.039333494752393117e-01
1.978535301636190624e-01
6.905603560176178934e-01
9.280163800127958496e-01
4.407706093745294984e-01
5.022587892376407792e-01
2.357051031033307043e-01
3.987373467425753271e-01
5.312372671763028187e-01
8.698383478830842286e-01
8.213399980286339996e-02
8.535886339975717885e-02
3.412453554871949235e-01
2.608605519620876834e-01
5.672480464047229276e-01
4.418581025818231200e-01
6.934564031379105709e-01
7.937505770454016396e-01
7.487199318720587637e-01
8.505861033956731987e-01
3.171214005451743478e-01
4.889909525644436927e-01
9.968769086265114598e-01
8.038524571033622834e-01
1.901124974264740697e-01
2.250316994656279546e-01
9.059057368127731991e-01
7.647996552638589574e-01
4.914183598448045309e-01
9.208171644229202757e-01
9.781907391514497174e-01
8.978155679671785405e-01
1.873838615737610791e-02
2.957994365422409455e-01
7.508043318518728970e-01
6.049527286597985443e-01
2.513860978638774446e-01
2.749579006676593496e-01
5.456904103974777875e-01
1.064866034822888885e-01
1.715855001371541233e-01
8.999338345849332566e-01
9.396684265284914739e-01
4.514471088181177816e-01
2.553288469987903264e-01
6.614626952220191702e-01
9.498262047964431964e-01
6.717173629156899528e-01
